# OSM building footprints as oriented boxes (ODbL, (c) OpenStreetMap contributors)
# h(m, 0=unknown) cx cz width depth angle(rad*100, rotation of the width axis from +x toward +z)
13 -1469 -290 49 41 146
30 -1241 -314 66 43 236
7 -1188 -367 41 71 69
27 -1317 -308 33 33 276
7 -1392 -351 60 47 304
10 -1265 -373 103 46 234
0 -1364 -122 46 20 301
3 -613 -170 36 65 189
0 -727 312 9 9 216
3 -823 600 21 12 308
8 -763 597 12 12 230
3 109 -510 92 13 309
0 -730 -556 56 16 9
7 -171 -427 33 44 185
0 -715 -504 7 16 157
7 -494 -528 39 18 311
3 132 -531 32 11 298
3 -289 -434 146 47 27
10 -924 -508 43 53 157
3 -515 -492 8 20 157
0 -566 -525 68 15 311
0 -212 -463 5 9 182
0 -491 -556 18 12 157
0 -59 -516 21 4 279
0 -213 -458 6 9 189
13 -1108 -574 60 19 17
20 87 -438 31 16 29
7 -11 -422 47 18 27
0 -216 -448 16 9 184
10 -1025 -559 75 20 17
20 -1043 -500 58 54 169
3 -248 -408 41 12 27
3 -1482 -613 48 18 308
3 -1407 -495 26 52 146
10 -1346 -471 45 21 301
7 -1350 -502 46 26 305
3 -1498 -481 71 21 302
3 -1182 -531 45 40 175
0 -1403 -438 16 5 302
7 -1204 -478 100 30 304
7 -1330 -419 18 16 303
3 -1393 -422 32 9 306
0 447 -692 7 11 111
0 484 -642 10 6 221
0 336 -419 14 16 276
0 379 -514 52 34 189
0 408 -472 8 4 69
3 326 -132 17 8 227
0 403 -479 6 8 236
3 347 -154 36 10 220
0 374 -408 32 10 118
3 305 -109 37 11 247
0 389 -427 18 35 236
7 -1358 -548 18 47 146
3 -1239 -584 60 179 150
13 -1443 -577 55 21 288
0 -1382 -594 33 51 144
23 -1552 -591 37 20 286
17 -1599 -577 21 47 129
20 -1572 -481 50 42 137
26 -1576 -527 58 19 287
30 -1527 -532 37 19 130
7 -1251 -535 58 56 172
36 -201 -135 30 46 188
20 -105 -111 37 17 247
40 -83 -154 29 26 183
7 -263 -137 64 45 195
13 -126 -169 22 60 186
7 -303 -171 22 12 188
17 -437 -169 61 40 184
0 -371 -7 50 47 188
33 -183 -235 48 54 28
10 -471 -395 46 20 185
17 -589 -442 53 27 11
23 -222 -268 14 44 187
7 -252 -217 18 18 186
26 -1461 -343 75 50 303
0 -1066 -869 124 57 18
0 -706 -119 43 22 28
0 -672 -108 14 9 180
0 -654 -86 33 14 185
0 -622 -77 48 31 182
0 -586 -71 28 24 30
13 -585 -48 40 23 28
10 -596 -16 39 40 186
0 -622 -18 17 11 187
17 -983 -363 44 38 28
10 -723 -406 37 54 188
7 -1523 -277 28 17 146
0 -1523 -161 45 47 143
10 -321 -348 29 30 28
13 -1434 -546 23 53 148
3 -1390 -546 21 15 146
17 -985 -505 41 56 157
3 -1102 -527 34 30 19
3 -1581 -273 16 36 302
7 -1535 -326 68 37 145
7 -1530 -350 21 21 143
3 -1540 -293 22 16 147
10 -1566 -334 40 23 145
7 -1582 -331 43 11 147
3 -1594 -343 17 11 145
10 -1593 -387 17 7 145
10 -1584 -388 18 12 145
10 -1575 -389 17 6 145
10 -1566 -390 18 12 145
10 -1554 -391 18 12 145
7 -1541 -393 18 13 145
10 -1532 -394 17 6 145
7 -1526 -395 17 6 145
10 -1520 -395 17 6 145
10 -1511 -396 17 12 145
7 -1502 -398 16 6 145
20 -1468 -401 17 16 145
23 -1488 -399 17 23 145
7 -1453 -403 16 15 145
20 -1426 -406 25 15 305
7 -1384 -300 56 40 304
7 -1286 -380 16 21 302
10 -1312 -360 53 12 147
7 -1322 -375 7 22 300
3 -1320 -355 18 7 146
17 -1348 -417 19 16 303
7 -1364 -415 17 13 145
20 -1264 -431 68 22 302
7 -1225 -435 23 10 144
10 -1215 -436 22 12 148
7 -1163 -443 21 5 143
10 -1173 -441 14 21 300
7 -1194 -439 30 22 301
7 -1073 -451 27 13 299
3 -1042 -452 32 13 311
7 -1160 -312 26 34 43
7 -1150 -330 31 8 43
7 -1143 -338 36 12 43
7 -1134 -380 19 21 44
3 -1106 -365 31 45 201
3 -1130 -353 48 25 43
7 -1049 -384 19 22 119
7 -1015 -397 52 16 279
10 -986 -412 32 12 144
7 -968 -413 35 25 144
7 -1001 -419 16 14 302
7 -1027 -415 36 14 300
3 -1025 -406 37 5 300
7 -1054 -404 22 28 300
7 -1071 -402 30 13 146
7 -1086 -400 30 19 141
7 -1130 -401 23 9 193
7 -1122 -400 26 7 189
7 -1115 -400 29 7 189
7 -1108 -399 31 6 187
7 -1094 -398 38 5 189
10 -1064 -334 9 38 111
3 -1030 -339 32 9 189
7 -1007 -366 40 19 218
10 -948 -367 11 20 186
13 -932 -354 27 17 183
3 -960 -333 15 15 28
3 -919 -350 28 13 187
7 -908 -347 28 10 183
10 -898 -344 27 11 183
3 -938 -333 15 6 28
3 -913 -321 10 16 189
13 -933 -312 51 18 29
7 -921 -278 17 12 187
10 -870 -328 41 19 182
10 -851 -323 19 39 27
7 -832 -317 38 13 183
3 -839 -325 27 4 183
13 -813 -313 36 25 183
13 -766 -307 30 20 28
7 -746 -302 20 14 183
3 -738 -300 20 3 183
7 -732 -298 20 9 183
17 -717 -288 28 30 25
10 -705 -292 16 8 185
7 -717 -258 12 17 24
3 -722 -232 6 16 32
3 -737 -237 15 7 185
20 -754 -221 41 19 28
3 -732 -213 10 5 24
10 -696 -338 32 19 185
20 -744 -362 37 52 29
10 -690 -403 23 15 184
7 -687 -377 22 32 28
17 -646 -391 20 11 183
7 -647 -331 40 16 27
7 -662 -318 20 17 27
7 -640 -307 13 9 32
3 -649 -314 8 18 28
10 -539 -358 31 21 29
7 -510 -352 19 10 182
7 -500 -349 10 17 29
17 -487 -344 19 20 27
17 -490 -327 18 17 187
7 -492 -310 15 13 185
10 -402 -240 20 17 31
10 -397 -243 9 13 189
10 -396 -259 20 17 30
7 -392 -271 19 9 32
17 -387 -284 20 17 188
13 -428 -297 78 39 29
26 -381 -313 24 20 30
10 -425 -326 68 20 28
10 -382 -298 9 16 189
13 -442 -263 72 36 29
20 -345 -295 15 31 29
20 -332 -292 30 14 187
20 -316 -293 19 8 187
7 -308 -292 18 9 186
7 -301 -289 20 7 188
20 -289 -285 20 19 189
10 -272 -279 22 17 185
13 -283 -262 23 29 188
10 -280 -244 10 13 186
10 -288 -235 11 21 184
10 -290 -226 20 9 31
23 -294 -211 23 20 188
7 -314 -212 14 5 187
3 -319 -218 20 21 28
7 -338 -218 19 11 29
10 -364 -224 18 7 29
3 -360 -227 26 16 28
13 -346 -240 17 45 186
17 -349 -258 17 28 187
30 -345 -272 14 27 187
17 -235 -258 14 26 187
17 -234 -241 38 14 26
7 -237 -229 8 38 185
10 -257 -200 19 20 24
17 -221 -191 58 18 30
7 -193 -191 32 35 29
3 -93 -138 30 10 30
23 -133 -94 34 18 269
26 -160 -90 40 20 24
26 -145 -122 33 23 27
23 -192 -111 11 16 184
26 -250 -48 41 20 251
10 -265 -39 15 5 164
46 -230 -82 25 52 31
33 -294 -42 38 19 27
7 -285 -52 34 51 191
7 -291 -91 16 28 26
10 -312 -174 8 21 28
3 -321 -175 12 16 27
7 -330 -180 11 19 29
7 -346 -180 20 10 31
7 -358 -188 20 7 183
10 -366 -191 20 9 183
7 -376 -194 15 20 30
10 -368 -170 44 22 29
7 -372 -151 48 21 30
13 -385 -123 39 41 31
17 -397 -94 21 33 188
10 -410 -76 21 18 191
10 -338 -54 18 11 187
10 -373 -62 62 10 30
10 -330 -85 40 10 188
7 -338 -86 38 9 184
7 -331 -113 15 26 184
13 -324 -136 31 21 30
10 -333 -160 26 20 27
3 -350 -121 21 16 188
7 -443 -107 26 21 182
7 -418 -206 30 21 31
7 -441 -212 21 18 186
10 -457 -211 18 34 29
7 -465 -221 19 5 186
7 -472 -227 13 13 186
10 -485 -227 11 20 27
7 -488 -213 14 9 30
7 -490 -206 13 7 23
7 -487 -198 23 5 27
7 -490 -187 25 19 28
3 -478 -178 13 7 24
3 -485 -166 42 13 29
10 -502 -161 11 7 29
7 -501 -148 18 12 186
7 -508 -130 16 16 22
7 -520 -109 11 15 24
3 -508 -103 7 13 28
7 -501 -101 15 10 185
10 -485 -98 22 17 28
3 -471 -89 9 6 32
3 -472 -112 10 7 189
3 -460 -139 15 9 28
10 -577 -124 16 10 182
7 -555 -123 18 17 26
7 -560 -144 24 17 24
7 -558 -158 11 14 184
7 -543 -181 25 17 27
10 -536 -214 50 28 186
7 -544 -210 14 13 189
7 -541 -219 13 5 32
7 -713 -164 16 7 189
7 -704 -162 16 10 189
7 -696 -160 18 7 186
7 -686 -157 13 17 32
7 -703 -188 18 18 27
7 -743 -186 20 14 26
7 -750 -172 23 11 27
7 -776 -183 16 27 187
7 -794 -188 14 7 187
3 -801 -186 7 5 185
7 -811 -192 9 14 22
7 -803 -210 12 13 184
7 -797 -220 18 9 30
3 -794 -235 12 9 29
7 -784 -250 19 22 184
7 -776 -277 17 5 24
7 -778 -272 16 6 32
7 -779 -267 18 5 32
7 -781 -263 16 5 22
3 -773 -283 13 9 28
7 -774 -297 20 5 31
10 -848 -373 42 21 29
7 -822 -366 20 13 183
13 -802 -360 29 20 29
7 -801 -375 35 9 29
7 -800 -382 37 6 27
10 -798 -396 43 21 28
7 -791 -412 34 13 27
10 -776 -425 23 24 7
10 -785 -430 13 6 157
10 -793 -426 24 10 157
10 -804 -426 24 12 157
26 -835 -412 63 46 184
10 -881 -424 40 23 184
7 -896 -425 34 7 184
10 -902 -426 32 6 182
10 -918 -426 29 38 28
7 -934 -406 12 10 28
10 -921 -394 45 17 27
7 -889 -389 25 21 184
13 -729 -454 21 15 29
10 -705 -450 22 28 184
10 -686 -446 24 10 184
7 -675 -445 12 26 27
10 -663 -442 29 13 185
13 -559 -439 27 12 181
10 -576 -412 32 19 27
13 -602 -421 7 20 28
10 -612 -423 15 20 28
7 -626 -438 41 21 184
10 -526 -397 20 32 188
7 -488 -390 14 27 30
7 -499 -393 27 8 183
17 -463 -429 25 24 28
7 -482 -412 14 19 30
10 -510 -431 41 49 182
10 -427 -366 40 17 28
20 -401 -365 30 13 184
26 -384 -357 24 14 187
7 -391 -365 35 6 184
17 -367 -348 18 18 29
10 -362 -365 19 18 184
20 -356 -387 21 10 24
7 -368 -382 40 12 30
3 -377 -376 17 7 30
10 -351 -400 16 19 32
7 -366 -406 19 10 186
10 -376 -409 18 10 189
26 -374 -399 20 25 32
7 -386 -413 15 12 185
7 -392 -391 26 12 193
13 -404 -408 19 36 27
10 -414 -420 9 18 28
3 -424 -423 18 13 187
7 -427 -409 16 9 30
20 -428 -400 19 10 27
7 -422 -383 40 19 31
10 -317 -372 19 22 184
20 -312 -389 22 18 28
13 -293 -374 24 38 30
17 -261 -365 45 37 29
13 -252 -336 11 14 27
7 -256 -321 18 11 186
7 -265 -341 16 10 32
7 -268 -323 14 15 30
7 -290 -335 30 23 30
10 -223 -300 8 21 185
3 -206 -298 14 13 185
7 -194 -297 13 19 32
17 -178 -300 34 18 187
7 -164 -283 20 8 27
10 -151 -279 8 9 189
7 -154 -299 30 22 26
7 -151 -322 36 17 29
7 -149 -341 21 43 188
7 -196 -355 21 41 186
26 -211 -339 20 21 183
30 -190 -328 22 29 24
3 -102 -328 11 14 186
3 -88 -323 13 10 23
3 -98 -315 21 12 24
10 -16 -387 33 36 185
7 -18 -345 13 10 189
7 -40 -348 29 10 28
7 -32 -364 34 10 27
7 -59 -359 22 9 189
7 -58 -381 52 19 189
7 -80 -367 8 22 28
7 -93 -368 11 13 32
10 -67 -405 20 11 188
7 -38 -394 14 9 187
7 -125 -430 10 12 29
3 108 -207 46 40 29
10 110 -263 25 19 186
7 125 -260 18 13 186
7 136 -255 12 17 29
10 155 -247 21 23 189
10 154 -219 17 12 20
20 151 -202 20 19 30
7 207 -211 63 18 54
7 198 -240 35 13 36
7 227 -223 11 16 242
10 237 -200 40 14 133
20 187 -173 58 20 64
3 188 -183 34 8 64
20 228 -163 31 14 298
3 227 -172 21 7 300
26 42 -207 39 41 29
26 -7 -200 32 20 28
10 -20 -227 32 10 184
3 6 -221 33 23 188
13 56 -253 41 19 27
7 54 -238 36 7 25
10 45 -282 21 5 186
10 61 -281 15 22 185
10 78 -274 22 9 185
7 11 -297 25 11 28
7 23 -275 11 25 186
7 -1 -270 42 14 186
10 -676 -400 20 14 184
7 -1441 -404 16 7 145
7 -1301 -378 15 21 301
0 -1469 114 42 28 227
0 -1407 -118 27 27 146
0 -1317 -118 44 42 301
13 -1345 -442 24 45 148
20 -1129 -452 65 31 303
0 -975 -558 10 14 157
0 203 -721 24 18 105
0 175 -536 13 6 0
0 -1357 67 46 50 222
0 -1353 39 6 20 225
0 -1348 32 24 11 64
0 -1341 24 24 11 64
0 -1337 16 21 7 65
0 -1330 8 23 15 65
0 -1323 0 19 7 63
0 -1304 -21 32 20 224
0 -1295 -37 20 5 63
0 -1293 -50 17 10 223
0 -1279 -42 23 21 65
0 -1319 -62 8 6 59
0 -1331 -57 13 22 203
0 -1332 -49 13 6 79
0 -1338 -43 13 14 229
0 -1348 -36 21 13 59
0 -1360 -28 15 31 221
0 -1361 -12 12 13 225
0 -1372 -24 19 6 67
0 -1375 -20 19 5 67
0 -1354 -8 12 4 230
0 -1380 -8 21 20 64
0 -1380 7 17 5 70
0 -1385 10 24 6 69
0 -1392 14 30 10 67
0 -1401 26 29 21 67
0 -1420 37 27 21 66
0 -1434 46 39 9 64
0 -1425 65 24 12 59
0 -1427 74 11 4 59
0 -1430 77 13 6 67
0 -1438 81 21 11 67
0 -1382 100 35 52 224
0 -1408 105 19 7 62
0 -1413 111 11 17 223
0 -1422 117 9 11 62
0 -1422 130 26 10 63
0 -1431 136 23 11 63
0 -1435 146 24 7 67
0 -1439 151 26 6 67
0 -1444 158 12 26 223
0 -1452 161 5 18 221
0 -1453 170 26 10 65
0 -1468 179 20 15 225
0 -1478 190 12 10 66
0 -1486 197 10 9 221
0 -1496 208 21 11 222
0 -1523 194 17 9 70
0 -1516 186 17 12 70
0 -1516 158 27 10 65
0 -1524 163 16 14 64
0 -1499 148 11 33 223
0 -1491 144 27 7 65
0 -1480 136 17 9 67
0 19 -336 22 23 186
0 35 -327 14 15 30
0 116 -305 21 6 182
0 -1073 151 14 11 220
0 -1113 116 12 19 66
0 -1004 296 17 10 103
0 -1155 186 20 9 67
0 428 -812 8 6 0
0 285 -749 27 19 123
0 308 -756 14 23 282
0 295 -772 23 11 126
0 260 -753 12 17 279
0 -1103 -399 32 5 189
0 -1099 -398 35 4 189
0 -1150 -55 34 32 186
0 -1207 -64 22 33 182
0 -1173 -107 68 21 185
0 -1135 -128 23 15 32
0 -1151 3 39 16 157
0 -1130 30 36 14 67
0 -1112 57 16 35 64
0 451 -658 23 56 225
0 496 -629 5 9 93
0 449 -706 20 6 206
0 -706 210 9 16 0
7 376 -488 23 8 28
3 360 -491 13 4 50
8 -1551 222 26 10 62
7 -1555 232 20 9 64
8 -1563 241 17 6 57
7 -1556 205 11 11 66
7 -1565 198 9 9 62
6 -1590 238 14 37 221
6 -1581 191 15 8 226
5 -1591 188 10 14 64
8 -1598 180 20 9 225
7 -334 -433 23 11 28
10 -316 -428 16 10 26
7 -294 -421 30 11 30
3 -274 -417 9 6 182
0 -71 -332 17 3 24
0 -503 -460 17 4 6
0 -915 -454 17 4 296
0 -1423 -387 17 4 302
0 -1085 -74 17 7 140
0 -1053 -90 39 29 139
0 -407 289 8 6 59
0 411 -553 7 8 182
0 -1391 -429 26 5 306
0 -16 -139 86 12 268
0 -1100 123 22 10 220
0 -1091 130 24 12 221
13 -1080 142 15 7 226
0 -1102 101 15 11 67
0 -1089 106 12 8 66
0 -628 111 20 13 29
0 -622 91 24 16 30
0 -632 70 15 12 30
0 -623 46 18 13 24
0 -610 72 15 10 27
0 -605 57 19 14 27
0 -674 80 11 14 186
0 -667 70 17 7 30
0 -666 56 12 8 185
0 -652 62 19 11 32
0 -656 44 25 10 28
0 -660 22 27 12 187
0 -647 25 27 12 188
13 -627 26 19 11 27
0 -603 31 19 10 27
0 -564 140 23 26 32
0 -543 55 12 7 192
0 -544 77 69 74 26
0 -552 -2 7 6 185
0 -561 46 16 88 28
0 -394 100 30 39 30
0 -416 166 9 24 69
0 -404 137 29 8 161
0 -519 2 55 73 188
0 -542 -2 19 17 185
0 -443 -28 44 89 185
0 -373 33 24 17 187
0 -381 56 18 13 24
10 -1049 -30 32 11 185
0 -1028 -26 11 43 29
0 -1013 -23 41 10 185
10 -993 -27 7 13 24
0 -987 -27 7 12 28
0 -982 -20 6 11 32
0 -1000 -6 16 8 183
0 -987 -7 15 7 182
0 -994 -3 15 9 189
0 -933 -54 40 41 185
0 -926 -8 33 44 182
7 -917 22 20 15 32
0 -959 -52 20 11 186
0 -999 -57 12 20 24
0 -985 -76 7 22 28
0 -1011 -82 24 16 187
0 -1027 -89 12 19 24
0 -1016 -57 12 6 38
0 -978 -72 21 7 189
0 -967 -68 28 10 185
0 -975 -40 11 8 186
10 -996 -206 18 22 30
10 -966 -197 22 17 184
10 -1002 -174 26 19 187
10 -977 -166 25 19 187
10 -1017 -142 23 10 184
10 -991 -133 26 12 27
0 -951 -127 30 22 18
0 -975 -118 7 9 185
0 -1047 25 16 9 185
0 -1035 28 16 9 187
10 -1057 47 20 14 195
13 -1217 99 36 21 64
0 -1160 23 37 98 268
10 -1041 52 27 14 184
0 -1008 38 9 27 185
0 -1012 51 25 11 28
10 -987 48 9 28 32
7 -994 82 20 15 184
7 -1012 80 8 14 182
7 -1021 69 28 25 29
0 -1138 93 24 10 221
0 -1149 89 19 10 221
0 -1155 76 26 10 222
0 -1166 69 25 10 225
0 -1175 62 25 12 227
0 -1185 55 24 12 225
0 -1195 48 25 12 222
0 -1206 42 10 21 64
0 -1216 38 14 9 226
0 -1208 24 27 12 4
0 -1209 12 24 12 4
0 -1209 -1 22 12 5
0 -1211 -14 10 15 157
0 -1209 -25 11 19 166
0 -1187 -9 7 7 0
0 -1190 3 6 6 0
0 -1193 9 10 6 10
0 -1185 32 9 8 62
0 -1161 49 7 5 225
0 -1124 76 13 4 67
0 -1168 -194 50 19 187
0 -1174 -186 20 12 183
0 -1278 -198 6 7 0
0 -1086 83 16 27 67
7 -1071 91 14 21 66
0 -1059 102 22 14 222
7 -1045 114 24 14 200
0 -1030 111 9 5 193
0 -1027 126 14 14 193
0 -1009 126 18 20 39
0 -1057 156 15 23 64
0 -1044 171 22 15 69
0 -1029 160 15 9 280
0 -1013 155 23 11 126
0 -1021 168 7 5 282
0 -1057 131 13 9 67
0 -870 18 13 15 0
0 -874 31 16 9 308
0 -849 10 8 8 0
0 -837 48 18 15 185
0 -747 92 27 52 182
0 -944 -186 26 17 28
10 -1107 -158 24 13 30
0 -1103 -184 30 21 185
0 -1101 -219 22 13 189
0 -1082 -210 23 19 27
7 -1061 -208 30 12 188
7 -1051 -192 22 15 185
0 -1074 -159 18 18 32
13 -1037 -147 20 25 32
10 -1033 -173 25 16 28
7 -1032 -203 13 10 32
7 -1026 -223 12 9 27
7 -1011 -218 10 12 186
7 -1017 -198 12 10 27
0 -1033 -215 6 7 189
0 -1010 -208 8 6 185
0 -1016 -189 6 6 189
0 -1039 -195 7 6 28
0 -1119 -245 25 15 182
0 -1135 -255 16 10 189
0 -1147 -258 12 10 24
0 -1158 -237 30 12 221
0 -1183 -202 46 10 186
0 -1158 -177 23 10 186
0 -1150 -169 11 13 32
0 -1140 -166 14 11 198
0 -1140 -180 20 11 29
0 -1134 -191 16 9 32
0 -1134 -201 20 9 24
0 -1133 -210 8 21 182
0 -1129 -217 20 9 31
0 -1129 -228 10 21 189
10 -1082 -291 42 13 195
0 -1074 -283 26 12 185
0 -1066 -272 9 16 24
0 -1056 -306 21 10 186
0 -1051 -279 25 13 188
0 -1038 -290 15 6 185
0 -1038 -269 19 14 185
0 -1023 -263 17 11 30
0 -1007 -255 19 13 186
0 -995 -251 19 13 186
0 -993 -271 6 6 189
0 -995 -291 24 6 187
0 -1003 -293 25 7 184
0 -1010 -297 7 22 32
0 -1017 -299 21 7 182
0 -1026 -302 20 10 183
0 -932 -236 23 13 185
0 -946 -238 15 14 28
0 -960 -249 15 16 28
0 -765 -94 8 33 28
23 -802 -94 30 59 157
0 -789 -63 39 14 29
0 -816 -66 11 6 29
0 -834 -72 14 6 30
0 -804 -155 40 14 28
0 -772 -143 25 12 28
0 -755 -132 15 31 20
0 -832 -112 14 12 187
0 -841 -90 21 6 186
0 -827 -129 11 6 29
0 -768 -125 7 13 32
0 -814 -126 10 7 177
0 -807 -130 9 4 182
0 -813 58 18 10 29
0 -810 49 14 10 27
0 -807 36 18 17 186
7 -803 13 23 17 28
0 -797 3 18 6 29
0 -792 -7 14 9 30
0 -840 8 7 7 157
0 -833 -2 11 8 157
0 -822 -11 18 9 191
0 -827 -39 12 9 184
0 -828 -25 16 15 28
0 -811 -30 18 9 186
0 -804 -28 20 6 188
0 -798 -27 7 20 28
0 -792 -27 15 5 185
0 -784 -28 11 9 186
0 -806 -10 11 8 189
0 -809 -1 8 5 28
0 -819 2 7 8 28
0 -817 14 6 6 32
0 -831 25 14 11 30
0 -882 -182 39 12 31
0 -855 -172 10 18 186
0 -896 -170 14 13 185
0 -892 -154 18 8 186
0 -869 -139 20 7 29
0 -869 -123 15 18 184
0 -875 -110 24 8 27
0 -873 -100 19 7 28
0 -877 -94 23 7 28
0 -879 -86 23 10 28
0 -886 -123 13 7 32
0 -870 -155 32 19 28
0 -755 -15 18 9 189
0 -748 -16 11 5 184
0 -743 -11 18 6 186
0 -737 -10 18 6 186
0 -732 -5 24 8 187
0 -724 -7 14 7 187
0 -719 -2 18 6 186
0 -713 -2 16 6 182
0 -699 5 19 15 32
0 -717 29 32 23 29
0 -757 7 20 7 31
0 -757 14 7 22 189
0 -738 12 7 6 28
0 -741 21 8 14 24
0 -749 39 7 5 32
0 -762 30 14 20 187
0 -768 42 23 12 29
0 -752 53 7 4 28
0 -771 53 17 6 30
0 -770 71 11 29 189
0 -774 60 15 9 28
0 -758 65 14 9 23
0 -745 76 8 4 185
0 -717 72 27 11 31
0 -717 58 21 13 29
0 -762 -3 7 4 28
0 -783 89 18 9 29
0 -782 79 11 16 184
0 -679 90 13 16 189
0 -683 101 7 6 28
0 -684 116 19 16 28
0 -671 112 8 8 24
0 -663 122 17 11 187
0 -654 125 17 7 187
0 -647 127 7 17 32
0 -641 131 13 7 182
0 -634 131 17 6 187
0 -622 126 14 6 30
0 -622 133 11 7 29
0 -625 139 7 14 185
0 -641 84 6 17 32
0 -611 41 9 7 32
0 -633 61 8 4 28
0 -746 -48 14 12 30
0 -732 -47 19 15 189
0 -719 -40 15 14 192
0 -708 -44 23 5 189
0 -697 -33 9 17 22
0 -685 -41 28 9 185
0 -677 -29 15 8 185
0 -660 -31 22 15 180
0 -649 -31 33 8 188
0 -643 -18 16 10 184
0 -671 -58 6 11 189
0 -689 -60 7 15 28
0 -742 -72 11 6 177
0 -736 -66 7 13 28
0 -729 -66 14 7 186
0 -722 -66 7 10 28
0 -716 -64 11 7 184
0 -709 -63 10 5 186
0 -697 -57 15 6 185
0 -904 -224 18 14 186
0 -891 -220 17 12 187
10 -872 -216 19 11 27
0 -852 -209 20 13 182
0 -838 -202 12 14 35
0 -835 -226 17 15 32
0 -853 -231 15 13 185
0 -852 -250 15 17 185
0 -833 -244 12 18 189
0 -896 -242 16 16 189
0 -875 -254 13 10 32
0 -892 -267 12 6 27
0 -885 -278 19 12 27
0 -873 -263 12 10 27
0 -869 -277 16 6 183
0 -862 -276 7 13 24
0 -856 -272 14 9 187
0 -847 -269 17 11 184
0 -864 -260 9 9 28
0 -826 -264 21 22 186
0 -829 -251 11 4 27
0 -876 -237 18 14 29
7 -1288 4 38 19 222
7 -1308 31 19 5 64
7 -1303 27 6 13 225
7 -1311 36 14 5 63
7 -1319 47 18 17 224
0 -1349 82 21 7 67
0 -1358 95 16 19 66
7 -1393 138 30 23 223
7 -1405 155 21 11 61
7 -1411 164 20 6 63
7 -1417 167 26 6 67
0 -1436 196 20 5 71
0 -1440 203 12 17 230
0 -1445 214 12 10 66
0 -1454 217 21 5 68
0 -1454 223 5 15 221
0 -1458 229 13 9 64
0 -1467 235 21 10 64
0 -1484 223 11 11 221
0 -952 -56 8 9 182
0 -1334 115 42 21 225
0 -1246 -87 54 40 27
0 -1188 109 7 6 67
0 -1181 119 11 19 66
0 -1172 132 23 16 220
0 -1251 -1 20 10 225
0 -1255 30 19 10 67
0 -1256 41 15 8 64
0 -1270 18 7 11 59
0 -1275 30 13 14 218
0 -1259 58 11 19 221
0 -1279 42 15 8 64
0 -1222 32 6 5 0
0 -1256 15 23 10 66
0 -1182 -51 7 8 32
0 -1091 16 12 20 27
0 -1112 10 32 20 29
0 -1111 -10 20 25 182
0 -1025 205 24 9 279
0 -999 202 20 18 121
0 -980 197 19 18 120
0 -1017 226 27 11 255
0 -1010 244 14 9 251
0 -992 228 15 19 150
0 -974 225 18 15 149
0 -955 225 22 17 152
0 -936 220 13 18 147
0 -935 232 16 8 308
10 -906 232 31 15 308
0 -1135 151 15 9 69
0 -1124 163 15 12 225
0 -1115 167 17 7 226
0 -1099 172 6 5 225
0 -1112 182 19 13 225
0 -1099 189 29 14 226
0 -1083 196 13 16 221
0 -1072 211 24 14 245
0 -1065 226 18 13 245
0 -1058 247 12 20 294
0 -1060 267 23 14 282
0 -1044 288 10 5 213
0 -1053 297 27 9 63
0 -1017 300 18 10 111
0 -993 280 18 20 84
0 -977 271 19 14 282
0 -961 261 13 6 306
0 -960 272 11 9 148
0 -961 283 11 9 305
0 -909 259 15 20 157
0 -932 270 25 11 153
0 -921 271 11 7 148
0 -897 277 13 16 157
0 -905 300 32 21 233
0 -915 318 8 13 236
0 -935 315 22 12 282
0 -953 298 17 18 304
0 -934 296 19 14 300
0 -939 337 16 19 231
0 -953 343 13 23 236
0 -964 331 7 6 300
0 -971 347 15 15 139
0 -986 344 15 15 182
0 -1014 331 27 19 288
0 -1034 319 18 14 46
0 -1077 281 5 6 221
0 -1085 270 14 17 69
0 -1100 265 22 14 221
0 -1112 257 17 12 227
0 -1125 247 13 23 67
0 -1136 213 18 13 224
0 -1138 239 16 23 67
0 -1155 235 20 11 227
0 -1175 232 18 13 52
0 -1191 221 13 14 46
0 -1160 201 14 30 220
0 -1173 210 23 14 69
0 -1143 173 11 21 223
0 -1286 54 19 9 63
0 -1297 66 16 11 64
0 -1308 95 26 13 65
0 -1265 72 16 11 61
0 -1275 82 14 20 221
0 -1280 95 14 9 63
0 -1304 78 20 7 60
0 -1303 116 18 25 66
0 -1311 138 9 6 219
0 -1326 151 16 30 63
0 -1354 138 17 20 67
0 -1364 152 13 14 64
0 -1372 158 6 6 64
0 -1376 166 16 13 67
0 -1342 172 11 13 64
0 -1361 175 5 7 59
0 -1349 184 6 16 225
0 -1351 190 6 14 221
0 -1356 194 14 6 69
0 -1360 199 7 14 225
0 -1363 204 6 13 225
0 -1367 210 13 6 67
0 -1371 214 6 14 225
0 -1375 219 15 7 73
0 -1383 173 18 6 67
0 -1388 177 13 6 71
0 -1391 182 15 7 67
0 -1394 189 19 6 69
0 -1399 193 16 7 64
0 -1402 198 17 7 70
0 -1374 180 7 5 225
0 -1378 185 7 5 225
0 -1389 200 7 5 225
0 -1410 209 16 7 63
0 -1414 213 14 6 69
0 -1419 217 13 7 61
0 -1420 224 20 6 61
0 -1428 226 10 6 71
0 -1430 237 13 17 225
0 -1447 250 10 9 227
0 -1439 251 19 11 218
0 -1420 248 6 7 225
0 -1383 229 15 6 64
0 -1386 234 7 14 216
0 -1389 240 14 6 63
0 -1392 244 12 6 66
0 -1398 250 14 6 69
0 -1402 254 17 6 66
0 -1406 259 17 6 66
0 -1414 275 19 9 223
0 -1427 262 11 18 69
0 -1419 267 17 8 223
0 -1376 283 12 17 227
0 -1369 274 18 9 69
0 -1352 273 43 12 69
0 -1352 258 24 9 66
0 -1341 260 4 8 236
0 -1334 251 8 5 69
0 -1322 260 8 7 185
0 -1344 249 25 9 67
0 -1320 227 6 6 64
0 -1331 228 20 10 64
0 -1340 237 17 10 69
0 -1325 215 13 10 66
0 -1316 207 18 10 66
0 -1308 197 20 12 70
0 -1301 188 16 11 69
0 -1294 174 14 10 226
0 -1283 161 11 11 229
0 -1269 162 6 5 67
0 -1274 153 11 13 223
0 -1266 146 20 9 67
0 -1259 132 13 16 225
0 -1251 123 10 16 228
0 -1242 115 10 21 221
0 -1202 128 11 17 66
0 -1195 147 20 11 69
0 -1200 158 15 11 64
0 -1239 165 13 16 223
0 -1218 181 20 16 66
0 -1232 190 24 14 61
0 -1242 212 22 18 222
0 -1261 197 22 18 220
0 -1255 231 23 14 66
0 -1262 245 24 15 71
0 -1272 262 27 18 62
0 -1262 283 10 13 189
0 -1233 322 14 17 32
0 -1246 316 19 14 189
0 -1256 307 30 14 191
0 -1273 304 27 10 191
0 -1283 298 28 14 194
0 -1299 294 23 12 192
0 -1313 288 26 13 191
0 -1344 291 9 11 198
0 -1327 285 23 12 193
0 -1213 261 15 21 66
0 -1220 275 9 7 121
0 -1200 269 19 10 227
0 -1189 279 13 28 67
0 -1176 286 27 14 221
0 -1149 283 6 6 64
0 -1161 292 22 14 225
0 -1137 292 10 5 228
0 -1148 298 21 12 219
0 -1133 307 26 19 223
0 -1138 341 16 19 79
0 -1134 360 31 11 250
0 -1119 372 24 16 254
0 -1110 389 21 19 288
0 -1093 408 16 31 157
0 -1088 439 54 22 276
0 -1076 456 24 6 0
0 -1196 313 13 14 228
0 -1189 328 19 14 225
0 -1175 336 43 14 225
0 -1164 346 30 9 221
0 -1130 406 15 12 177
0 -1144 429 21 27 191
0 -1158 452 27 15 38
0 -1148 466 23 15 265
0 -1117 473 12 13 114
0 -1134 484 11 13 111
0 -1126 495 27 12 268
0 -1120 510 34 13 272
0 -1124 529 14 16 271
0 -1112 540 16 25 111
0 -1101 554 20 18 210
0 -1064 570 46 24 55
0 -1037 615 36 57 298
0 -1051 609 30 13 168
0 -1074 642 31 12 250
0 -1063 656 18 29 96
0 -1106 681 38 11 94
0 -1088 670 45 14 95
0 -1028 678 22 14 216
0 -1019 656 26 26 98
0 -998 622 41 15 141
0 -960 628 8 5 88
0 -970 620 17 17 306
0 -966 600 24 11 304
0 -982 607 7 6 0
0 -966 588 21 11 305
0 -966 575 25 11 304
0 -970 560 23 12 302
0 -990 556 12 9 296
0 -1010 564 24 52 236
0 -1038 537 22 14 220
0 -1054 533 14 22 57
0 -1070 526 18 13 84
0 -1083 505 26 14 4
0 -1079 490 28 13 4
0 -1082 473 15 24 164
0 -1095 324 21 15 61
0 -1090 346 9 9 62
0 -1075 348 17 25 67
0 -1065 362 24 14 218
0 -1052 371 30 15 219
0 -1043 384 35 14 217
0 -1031 399 20 22 63
0 -1017 402 7 7 59
0 -1016 411 9 6 252
0 -997 393 30 13 301
0 -1007 407 11 6 148
0 -986 407 23 13 301
0 -973 417 7 6 298
0 -981 434 18 14 298
0 -984 457 23 25 298
0 -981 477 20 12 297
0 -967 480 9 5 303
0 -981 491 17 13 308
0 -978 504 32 11 305
0 -994 516 11 6 305
0 -976 521 10 24 147
0 -1016 500 37 20 59
0 -1024 483 21 11 0
0 -1036 473 8 4 0
0 -1023 466 21 12 0
0 -1024 451 17 20 157
0 -1025 429 16 22 0
0 -894 344 23 19 149
0 -904 371 31 18 298
0 -910 361 6 6 0
0 -898 386 26 10 306
0 -897 402 30 19 296
0 -894 422 18 21 147
0 -900 442 20 24 141
0 -892 464 18 12 302
0 -893 476 10 24 141
0 -891 488 22 8 300
0 -893 499 26 16 309
0 -894 522 29 21 302
0 -887 537 17 11 297
0 -903 542 8 11 302
0 -892 553 27 12 298
0 -889 565 29 11 299
0 -888 577 7 21 141
0 -900 589 27 10 302
0 -909 612 8 7 300
0 -891 602 25 15 294
0 -927 593 7 9 300
0 -917 582 20 7 299
0 -910 562 9 5 146
0 -921 568 19 23 140
0 -922 526 13 22 149
0 -919 545 20 12 303
0 -902 509 5 10 157
0 -927 511 9 20 146
0 -927 501 9 22 146
0 -922 494 10 4 304
0 -929 487 20 11 304
0 -928 471 23 8 301
0 -930 462 10 26 147
0 -915 449 6 6 141
0 -916 438 6 5 141
0 -936 452 15 8 301
0 -934 443 21 7 305
0 -934 423 23 12 306
0 -937 413 25 8 298
0 -939 397 22 16 75
0 -932 385 13 11 79
0 -924 376 16 12 79
0 -1292 354 25 15 189
0 -1272 361 27 10 192
0 -1317 406 6 8 189
0 -1292 379 11 31 199
0 -1296 400 24 21 189
0 -1302 422 20 12 35
0 -1250 439 27 9 35
0 -1246 427 21 9 35
0 -1239 411 13 15 38
0 -1238 395 31 15 38
0 -1241 366 16 9 189
0 -1239 381 10 8 186
0 -1221 379 23 9 193
0 -1207 386 26 10 209
0 -1191 394 16 28 55
0 -1174 401 17 21 57
0 -1204 417 28 12 29
0 -1211 431 16 25 189
0 -1215 451 13 14 0
0 -1203 455 7 6 0
0 -1213 469 37 10 292
0 -1200 482 34 9 293
0 -1182 493 28 11 296
0 -1203 499 13 9 134
0 -1182 517 29 37 137
0 -1161 536 16 6 131
0 -1158 551 13 5 142
0 -1181 539 19 10 292
0 -1176 557 26 12 291
0 -1157 578 32 15 297
0 -1299 598 6 6 67
0 -1312 581 16 16 64
0 -1298 589 14 15 69
0 -1286 598 21 14 224
0 -1272 605 21 14 228
0 -1261 617 16 14 227
0 -1249 625 17 14 226
0 -1238 635 14 17 69
0 -1227 639 7 5 225
0 -1226 649 20 9 67
0 -1281 666 21 14 225
0 -1291 653 17 15 231
0 -1305 645 17 14 223
0 -1228 -141 36 29 185
0 -1180 -259 20 36 183
0 -1191 -246 26 13 26
0 -1196 -235 25 11 24
0 -1203 -224 22 15 29
0 -1217 -111 12 9 24
0 -1190 -118 40 17 185
0 -1144 -95 41 29 182
0 -1114 -104 24 49 30
0 -1211 -199 30 19 199
0 -860 -15 27 24 30
0 -880 -16 8 4 185
0 -1348 413 22 8 32
0 -1374 -49 22 10 150
0 -1363 -49 11 23 0
0 -1367 -53 4 10 0
0 -1429 -20 63 13 65
0 -1430 4 36 14 63
0 -893 649 24 9 148
0 -885 636 7 7 300
0 -879 651 16 15 145
0 -916 653 11 6 296
0 -913 643 22 14 300
0 -909 665 18 20 137
0 -784 589 27 23 268
0 61 -320 40 16 28
0 89 -315 22 14 185
0 98 -345 7 13 185
0 93 -335 17 13 30
0 77 -347 17 9 185
0 69 -348 19 8 189
0 60 -353 9 13 32
0 53 -354 17 6 184
0 44 -359 16 9 26
0 25 -366 19 7 32
0 21 -357 19 13 32
0 -1465 -159 22 30 300
0 -951 -289 18 12 24
0 36 -391 13 26 185
0 24 -384 6 6 32
0 36 -380 10 7 29
0 50 -383 21 13 191
0 72 -377 33 22 29
0 103 -375 21 7 26
0 102 -369 20 6 26
0 101 -361 18 8 29
0 113 -396 14 14 182
0 111 -387 10 5 32
0 94 -396 22 24 186
0 57 -409 55 22 28
0 154 -381 40 20 28
0 176 -374 18 8 187
0 183 -372 7 17 28
0 197 -366 22 22 186
0 218 -367 9 17 185
0 218 -359 12 7 29
0 215 -352 15 9 32
0 209 -343 8 19 182
0 209 -336 15 6 30
0 209 -329 14 8 30
0 196 -333 6 7 189
0 191 -341 20 7 183
0 183 -342 9 19 28
0 176 -346 22 9 186
0 160 -349 19 23 186
0 133 -351 15 7 28
0 137 -357 18 6 29
0 138 -364 17 7 30
0 165 -319 50 20 29
0 199 -308 22 22 180
0 173 -309 8 5 24
0 129 -325 23 14 29
0 133 -335 22 8 32
0 151 -296 70 23 28
0 196 -283 23 11 184
0 148 -425 22 11 183
0 159 -423 24 10 191
0 169 -420 8 25 24
0 187 -428 8 6 182
0 179 -414 16 12 183
0 191 -413 9 17 32
0 207 -406 11 18 27
0 218 -405 10 21 29
0 249 -424 80 17 185
0 217 -436 12 12 184
0 220 -448 19 11 26
0 225 -456 7 24 185
0 207 -464 15 6 174
0 222 -471 13 14 24
0 236 -472 10 12 186
0 259 -487 44 23 90
0 266 -514 47 19 79
0 279 -530 17 37 236
0 294 -545 17 30 236
0 300 -565 19 40 203
0 283 -565 8 6 290
0 270 -562 24 23 137
0 248 -548 19 23 292
0 231 -550 16 7 133
0 215 -535 25 34 79
0 164 -453 51 17 0
0 169 -474 48 19 0
0 -1196 -81 7 5 189
36 -1272 -471 42 44 170
3 -701 -385 37 13 187
17 -721 -339 21 20 186
3 -723 -363 36 36 28
3 -1599 -593 34 10 288
3 -1559 -601 24 5 285
3 -964 -558 8 8 0
0 -1365 -414 19 16 145
0 -487 -538 5 20 157
3 -553 -494 4 8 157
0 -500 -487 9 11 157
3 -1100 -451 9 6 193
3 -203 -236 41 24 185
3 -213 -252 19 10 32
0 336 -250 17 12 20
0 335 -262 20 9 17
0 335 -271 25 8 22
0 342 -280 26 11 24
0 344 -291 27 12 30
0 352 -311 27 18 172
0 310 -293 22 13 20
0 282 -310 27 43 18
0 311 -277 27 9 16
0 309 -268 27 11 19
0 308 -259 28 6 19
0 305 -253 6 24 174
0 305 -241 28 6 18
0 308 -234 36 8 20
0 270 -254 24 5 16
0 269 -247 24 5 17
0 266 -242 13 7 23
0 271 -259 26 5 21
0 269 -270 14 12 18
0 275 -277 21 6 19
0 274 -285 17 6 17
0 -623 -576 8 13 157
0 -597 -572 41 6 21
0 -579 -552 34 10 146
0 -1388 -35 14 9 69
0 -1404 -49 45 17 307
0 -1434 -49 26 16 67
0 -1470 47 54 20 64
0 -1462 -19 15 14 216
0 -1450 14 14 14 226
0 -1477 -2 13 9 67
0 -1479 7 16 9 61
0 -1486 16 20 10 67
0 -1498 27 18 14 226
0 -1464 9 6 11 225
0 -1470 -10 12 7 61
0 -1445 -119 13 14 39
0 -1452 -109 9 13 203
0 -1460 -98 15 10 49
0 -1470 -87 14 21 200
0 -1478 -77 29 11 45
0 -1482 -63 19 10 63
0 -1492 -57 27 11 60
0 -1499 -46 11 25 221
0 -1508 -40 33 10 70
0 -1512 -27 21 11 68
0 -1527 -5 20 14 225
0 -1539 -17 21 36 72
0 -1486 -115 40 22 234
0 -1502 -110 9 19 303
0 -1514 -107 21 6 147
0 -1533 -107 34 17 305
0 -1528 -79 37 20 230
0 -1550 -103 16 9 64
0 -1554 -97 18 5 67
0 -1557 -91 16 6 66
0 -1559 -84 19 5 63
0 -1564 -78 18 10 71
0 -1569 -68 24 6 64
0 -1578 -65 13 7 61
0 -1580 -56 21 8 68
0 -1590 -52 15 5 64
0 -1597 -46 14 11 63
0 -1576 -32 22 16 61
0 -1554 -47 17 8 70
0 -1555 -35 8 8 69
0 -1564 -24 7 18 67
0 -1521 53 16 10 66
0 -1527 61 10 16 221
0 -1501 71 14 32 226
0 -1525 79 30 9 66
0 -1533 83 25 8 64
0 -1540 89 23 9 66
0 -1548 96 19 9 63
0 -1553 108 21 10 61
0 -1537 128 19 12 63
0 -1561 114 6 9 221
0 -1560 125 29 9 64
0 -1569 132 24 6 64
0 -1584 138 19 15 220
0 -1565 152 16 17 69
0 -1552 164 19 19 225
0 -1532 178 18 13 221
0 -1525 103 6 6 67
0 -1565 40 43 28 219
0 -1581 61 29 11 64
0 -1594 58 24 46 223
0 -1592 83 14 10 69
0 -1582 21 26 14 225
0 -1605 -9 45 15 64
0 -1594 -104 15 12 220
0 -636 -372 51 39 190
0 -177 -21 8 6 236
0 -198 -20 8 4 227
0 -1595 258 24 19 67
