# OSM roads (ODbL, (c) OpenStreetMap contributors). Local metres: origin -32.9305,151.7870; x east, z south.
# line = class digit (1 trunk/primary, 2 secondary, 3 tertiary, 4 residential) + first point, then deltas
1-2587,-592 10,5
1-2781,-332 6,-8
4-930,665 -3,-24 -8,-8
4-2487,886 15,-20
2-2777,1390 -43,119 -38,111 -36,105
4-878,307 14,293 4,15
4-2777,1390 -13,0 -73,-72
4-3282,1381 174,-96 159,-91 21,-11 129,-72 53,-30
2-2077,929 14,-9 10,-11
4392,-609 19,-8 27,1 36,13 42,29 9,17 0,13 -6,15 -18,24
485,-419 -44,-14
4293,-341 34,7
2-1110,-333 83,-41
4-463,-357 -30,108 -49,154
4-1246,-179 111,33 238,70
4-141,-262 -108,-31 -106,-32
4-754,-444 -28,109
4-329,-30 -106,-32
4-854,-450 -24,87
4-732,-152 -20,68 -14,48 -36,140 -13,63 0,41 -8,44 4,17
4-802,104 92,26 94,28
4-672,-9 -3,9 -35,130
4-1084,52 49,39 50,20 11,11 5,15 -4,21 -12,13 -64,24
4-1049,195 11,63 6,17 5,3 9,0 36,-31 47,-2
4-1481,405 56,97 25,43 86,58
4-1240,75 5,-27
4-1223,230 120,64 92,65 54,24
4-1103,294 -17,30 70,99 1,83 56,36 46,-5
4-1572,502 -33,-54 -9,-11 -45,-35 -95,-76 -98,-72 -97,-72 -74,-58
4-1580,680 -66,67 -173,225
4-1580,680 126,13 69,8 95,57 11,14
4-1314,603 -8,7 -74,11 -56,59 -2,13
4-2203,318 95,73 75,58 20,15 97,75 95,73 95,74 80,61 75,56
4-1380,858 -38,-69 -39,-12 -68,7 -36,11 -10,8 -173,227 -14,19
4-1768,1130 -13,-17 -10,-5 -228,-37 -127,-19
4-2178,1429 0,-36 4,-20 0,-9
4-2175,1252 -149,0
4-2553,1520 -14,-115 4,-31 10,-77 6,-66
4-2553,1297 16,0 101,-23 88,0
4-2347,1227 0,-43 -14,-64
4-2658,1256 111,-25 200,-47 172,-41
3-2721,991 -9,12 -10,44 -6,34 -35,83
4-2740,1047 -232,-49 -87,-18
4-2427,1136 -17,-75 9,-59
4-2567,1405 -21,5 -22,30
2-1720,-229 -47,5 -4,0
3-1511,-370 6,53
4-1892,-117 145,15
4-1454,-63 68,-5
4-2033,449 103,-105 18,-12 60,-78 144,-186 84,-110 50,-62 1,-17
4-2004,255 4,27 -21,29 -7,5 -24,1
4-2322,919 3,-57 62,-80 58,-76 14,-18 62,-79 42,-57 68,-88
4-2123,609 96,74 79,60
3-2528,998 -24,30 -40,65
4-2257,782 -94,-73 -88,-69
4-2233,-43 65,-81 82,-105 24,-32
4-1962,-131 -81,104 -26,33
4-2043,-27 -65,-50 -60,-47
4-2108,-77 81,-105
4-2677,736 -115,150
4-2576,210 87,67 2,107 -13,21
4-2714,549 99,-12 16,-21
4-2559,548 -6,6 -146,23 -96,-69
4-2711,577 -30,45
2-1256,-579 184,34 65,8 53,-6 89,3 235,31
4-1695,-108 -4,-35 -3,-22 6,-10
4-2833,-1151 110,18 49,9 129,22
4-2847,-1064 160,27 156,28 16,-1
4-2859,-990 161,28
4-2674,-1124 -13,87 -8,54 -3,21 -5,31 -8,50
4-2580,-741 -11,2 -66,-34 -70,-32
4-2482,-892 -221,-39
4-2657,-773 17,-96
4-2560,-854 -13,72
4-2573,-782 60,14
4-2723,-1133 13,-88 18,-106
4-911,-205 -3,13 17,116 5,109 -3,10
4-2772,-664 -11,18 -31,8
4-2801,-498 107,-136
2-1744,1060 -14,-11 -75,-58
4-2716,-24 -175,-130
4-2780,55 -174,-132
4-1296,-502 43,6 129,-12 44,8
4-388,-217 33,-108
4-2118,-1569 11,36 75,228 114,349
4-2384,-580 -146,-74 -9,1
4-1456,-465 -7,4 -131,15
4-754,-444 -100,-6 -30,-3
2-192,-478 -8,-23
2-226,-506 23,-14
2-203,-504 -23,-2
3-187,-524 27,4
3-160,-520 55,-23 220,-126 43,-19 40,-11 42,-6 60,3
2-2332,-461 187,45
3-2629,1182 202,-46 66,-16 110,-26
2-1782,-510 35,-1 105,-30
2-1463,-519 -16,-43 -7,-7 -19,-1 -22,7
2-1626,-534 -152,46
2-1607,-551 112,-33 15,5 6,8
3-1779,-486 45,116 6,7 14,4
2-2095,-546 70,23 86,18 107,5 30,-6
4-601,-398 -14,52
4-615,-346 86,25 15,-51
3201,-259 14,-22
4199,-441 5,11 -5,17
429,-434 -8,13
4118,-357 -6,20
4-112,-355 -2,5
4-160,-196 96,28
4-1405,298 -11,-4 -45,-35 -4,-3
2-192,-478 -7,22
4-1425,-136 1,10 -30,63 -74,95 -84,110 -142,184 -162,213 -111,144 -63,80 -14,18 -70,91 -5,16
4-1259,-10 -206,266
3-2767,1219 16,-9 82,-18
2-2114,1367 -60,6 -128,0 -49,0 -212,1 -127,10
4-1049,195 -92,-72 -82,-65 -12,-10 2,-74 -1,-15 -11,-12 -50,-15
4-1520,37 -8,-5 -96,-74
2-957,383 -5,14 15,140 8,91 0,1
4-1098,-260 -37,114
2-2300,-325 117,26
4-2781,-332 -96,-75 -61,11 -184,43 -22,5 -108,25 -138,29
376,-219 -5,17
4-2873,-913 162,32 71,12 80,15
4-2560,-854 91,16
4-2695,-983 195,34
4126,-176 -38,2
1-2629,-1409 -2,16 6,25 99,280 22,75
4-2627,-655 -9,45
4253,-231 -6,-2 -15,-9
3-189,-66 -58,41 -26,8
3-5,-176 -23,2 -21,11
4-1284,429 31,-89
1-2747,-461 39,15 26,-2
3-2661,1190 2,17 -3,5
4-2780,1740 20,-100 49,-255 49,-150 -10,-10
4-2302,1373 -1,71 -191,-6
4-2486,687 -95,-75
2-2268,601 83,87 95,75 87,68
2-229,-358 -20,65 -28,93
2-222,-380 -106,-31 -15,-4
4-1484,-1595 32,-8 13,1 10,8 55,164 41,70 85,310 22,47
4-1484,-1595 -34,10 -65,5 -196,56 -22,9 -11,8 -5,10 -4,72 2,26 59,260 2,121
4-1696,-175 205,-21
4-833,66 -72,-21
4-1696,-175 -4,-30 -9,-9 -50,-4 -8,-6
4-2346,-464 3,-14 -41,-102
2-2619,-389 -29,0 -44,-9 -18,8
3-309,-23 -25,9
4-1731,-102 36,-6 122,-13 63,-8 26,-3
4-1273,-158 -71,7
2-2283,620 -66,-71
1-2519,-1023 -26,-79 -34,-97 -41,-116
1-2535,-660 -4,7 -17,28
2-530,-506 142,17 82,-4 80,-13
2-1551,-246 -108,11
3-2672,1225 -74,74 -31,91
2-2375,-472 29,8
4-895,43 -10,2
4-835,-190 8,-2 6,-11 11,-40
4-829,-180 -57,-18 -25,-7 -12,-4 -86,-26 -89,-25
4-829,-180 -34,114
4-886,-198 21,-1 30,9
2-878,307 -79,76
2-621,211 -146,38 -52,20
4-878,307 -2,-47
2-939,629 -2,4 -64,52 -54,73 -39,31 -36,17 -18,4 -22,-1 -80,-35 -25,-2
4-355,-325 -108,-32
4-463,-357 -51,-15 -39,-12
4-328,-411 -27,86
4-542,-95 -34,117
4-616,158 -7,33 2,20
3423,-659 0,7 -6,6
4310,-168 -20,10 -55,17 -35,-2
2-1301,-543 14,-38 14,-4 17,6
4-1458,-516 2,51
3-1769,-439 -12,-29 -12,-16
4-2814,-638 19,-7 7,-7 1,-11 -5,-9
4-2589,-183 -154,-121
4-2814,-223 160,122
1-2747,-461 41,26
4-2834,126 54,-71 64,-79 62,-77 65,-82 68,-86
2-2479,-320 4,-20 -21,-17
2-2837,141 190,150
4-2517,-416 37,29
4-2626,-501 109,85 -8,36
4-2523,1513 45,-6 155,12 46,-26
2-1208,-284 -26,3
2-1871,-185 -21,68 -10,35
4-2172,531 17,13 18,13
4-2155,544 -12,16 -28,37
3-2767,1219 -96,99 -13,12
1-2581,-603 31,-57
1-2620,-511 -6,10 -14,20
3-2288,-83 -14,-13
4-395,-195 -22,73
2-2684,-425 8,4
1-2718,-423 -37,-23
2-1322,-392 -189,22
2-1142,-413 -169,20
2-630,-509 100,3
4-435,-62 -107,-33
4-574,-104 -158,-48
3330,-696 12,3
4-2773,662 96,74
4-1757,726 -142,184 -14,19 -106,142
2-1272,-118 16,-37 10,-24 25,-57
2-1659,402 95,-123
4-1158,486 -25,-22 -6,-11 1,-16 32,-36 3,-8 -4,-9 -56,-31 -40,-13 -91,-32
4-1203,690 7,2 38,-17 85,-61 -2,-16 -54,-33 -13,-14 -16,-65
2-1279,772 -17,9 -23,34 -22,22 -39,21 -89,47 -28,19 -115,98 -86,61 -8,6
4-2162,1048 -273,-46 -62,-10
3-2144,1031 59,-77
4-1042,-465 -32,1 -8,-3 2,-33 8,-45
4-29,-412 -92,-28 -9,-8
2-1961,794 140,-182 162,-210
2-2016,849 -88,-68 -95,-75 -84,-86
2-1990,842 91,68 80,62
4253,-262 12,-65
3-2320,-116 18,20
3-2335,-117 -27,-23 -6,-11
3-2368,-151 11,4 27,23
3-2374,-156 -39,-28
3-2413,-184 -108,-85
3-2248,-218 55,-68
4-2004,255 55,-73 146,-188 72,-96
4-2052,317 -3,-29 23,-29 28,-4
2-1474,-571 9,31
2-1256,-579 -26,4 -9,40
2-1309,-455 6,-49 1,-6
2-1298,-495 -11,40
2-1329,-536 -124,14
3361,-687 25,12
2-2183,-299 280,39
1-2792,-492 29,20
4-1703,-237 -4,-48
4-2167,560 -43,-35
4-1568,-158 -131,15 -38,5
3260,-383 1,-4 26,-87
3365,-593 16,-22
4-2283,620 15,-19
4-2264,595 54,-70 66,-85
2-2409,473 45,34
2-2401,575 -45,60
2-2475,451 -9,-7 -165,-128
4-2580,532 -19,-16 -133,-104 -202,-158 -178,-139
2-2619,-389 -63,-20
4-1794,-513 -15,-33
3-2145,-416 0,-14 18,-77 7,-9
2-2322,919 185,5
2-2660,912 144,3
4-1383,-68 70,-3 18,3
4-1223,58 -17,17
4-1481,405 -32,42 -59,55 -81,90 -73,94
2-2635,298 135,107
2-2659,308 -191,-150
4-2662,322 -70,90 -59,77 -16,19
3-2508,77 7,-84 9,-28 118,-121
37,-318 -15,-5
326,-174 -31,-2
4-282,-185 104,33
2-334,-14 -31,100
2-2145,-416 302,76
3-2120,-516 -18,89 -7,11
3-2063,89 -44,-35 -126,-97 -38,-27
2-2061,132 -113,146
3-2446,-361 34,-43 37,-68
4-2521,-269 -153,-115
2-1309,-455 -4,43
415,-399 -44,-13
4-64,-168 15,5
2-424,214 -100,-26 -28,3 -69,20
4-1240,75 -157,203 -8,20
4-1405,298 -3,10 -73,97
4-1314,603 104,85 7,2
4-1344,308 -21,-6 -40,-4
4-1726,686 -31,40
3-2188,1080 14,-9 12,-20
3-2150,1057 -25,22
2-2787,906 127,6
4-2868,586 71,57
4-2797,643 24,19
3-3043,917 310,65 12,9
4-2741,622 -32,40
4-2773,662 -99,127
3-2781,1164 14,55
3-2660,912 -61,79
4-2069,6 -38,48
4-1902,-82 -40,-31
4-1962,-131 -65,-51 -59,-47
2-2004,56 -26,32
2-1902,-82 -6,13 -59,76
2-1843,-340 -8,87
2-2488,414 17,13 9,6
2-2354,514 86,87
3-2631,282 55,-72
4-2928,1183 15,9 115,-66 -1,-15
2-437,-443 -98,-14
2-642,-461 -162,-3 -48,4 -32,7
2-884,-453 -63,12 -195,28
2-1763,-343 -59,7 -21,-4
2-1857,-233 -205,-28 -35,-6
2-1857,-233 -14,48
1-2710,-390 -51,54
2-1750,-237 47,0 44,2
2-1851,-253 -6,20
4-1461,259 -144,189
4-1516,217 -96,-75 -96,-74 -95,-74 -38,-30
4-2643,1192 1,11 -16,53 -40,128 -53,258 -17,101
4-870,617 -69,11
2-2261,392 -93,122
2-2518,-555 143,83
2-2577,-587 59,32
2-2193,-286 -24,-4
2-2097,-267 -96,-19
2-2446,-361 146,36
2-2360,-324 -40,-10
2-2466,-350 -30,-7
1-2755,-446 -53,-43
1-2640,-481 -36,46
1-2817,-275 36,-57
2-2369,533 -32,42
2-2369,533 -94,-72 -7,-6
2-1833,991 -80,-62 -90,-70
3-2521,-269 42,-51 22,-28
3-2183,-299 11,-15 27,-102
2-360,-209 40,12
4-732,-152 -33,-10 -47,-13
2-819,269 -59,38
4-1580,680 155,-178
4-1819,972 -14,19
2-1819,972 75,58 25,18 21,35
1-2529,-696 26,-52
2-1799,-487 -101,-2 -47,-5 -79,-16 -87,-29
1-2636,-508 41,-68
4-2552,1028 7,5 40,8 -6,42
1-2545,-669 16,-27
1-2556,-625 -13,25
2-2422,-735 43,24 51,36 66,36
2-2512,-377 34,8
1-2500,-949 -13,-52
1-2504,-1013 43,172
1-2469,-838 -13,-54 -18,-57
1-2461,-841 1,16 -10,43
1-2483,-781 12,-30 2,-27
1-2489,-745 -41,75
1-2822,-688 30,16
4-2987,336 196,153
3-2576,210 59,-79 7,-20 2,-34
4-2144,440 36,-49 56,-74
3-2465,925 -3,9 -29,30
2-1714,-359 207,-25
2-1764,-352 50,-7
2-881,-469 83,-8 261,5
3-221,-385 90,26
4-114,-350 -27,88 -19,66 -11,38 -7,6
3-127,-352 -95,-28
2-1131,-430 127,-14 123,-25
2-1313,-406 2,13
4-905,45 -150,-41 -13,30 -12,16 -57,71 -82,107 -12,21 -4,16 28,71 -2,15
4-765,-162 14,-46
4-1510,-129 3,35
3-63,-339 -51,-11
3-63,-339 48,14
3-1764,-352 17,-8 3,-13 -25,-66
4-642,-461 -14,46 -28,102 -2,6 -46,155
4-2081,552 34,26
2-2030,88 -5,17
2-2042,118 -19,14
2-2061,132 8,-20
4-2451,631 -90,-70
2-2455,647 -31,40 -95,124
4-2581,811 88,70
2-2581,811 -62,79
4-2449,443 -14,18 -78,100
4-2472,866 121,-157 68,-89
4-2677,736 96,-124 40,-51
4-2635,769 54,42
4-1484,-132 59,-4
2-1295,-68 23,-50
2-1221,-236 1,-28 -14,-17
2-1659,-235 -61,6
2-1851,-253 101,16
2-1843,-340 9,-5 70,-7
2-1208,-263 6,-15
4-1344,-151 -62,8 -19,7
1-2772,-664 40,16
1-2732,-648 38,14
1-2694,-634 58,24 49,18
1-2590,-562 -14,25
4-1212,-378 -72,66 -10,14
4-810,-243 28,-92
4-2727,-805 -146,-73 -4,-5
4-1594,-446 -125,5
2-183,-504 -9,26
3-160,-520 -21,13
2-211,-415 -10,30
1-2682,-448 28,-37
4-1497,-252 6,56 7,64
2-329,-30 -5,16
2-365,86 -25,78 -24,41 -10,9
2-282,-185 -47,155
4-2627,-655 -13,2 -56,-27
4-947,-441 -10,56
3386,-675 29,8
3390,-626 12,-30
4-553,-384 -48,-14 -55,-17
2-538,-457 -104,-4
4-2174,1364 -1,-112 0,-109 0,-64
2-368,-430 147,45
2-1221,-236 13,-27
4-1034,-348 -3,-8 -63,32 -64,49 -38,-3
4-1299,-274 -1,-18 6,-6
2-1305,-273 -161,18
3-1505,-317 8,65
2-1801,-226 -56,-7
2-2174,278 -17,24
2-2212,329 -10,13
2-2222,342 -39,50
2-2191,302 -12,16 -9,11
2-2676,-421 30,11 112,28
1-2775,-340 59,-67
1-2761,-336 -56,61
2-2496,-357 -123,-32
2-2217,-290 -63,-15
2-2417,-338 -40,-10
2-1234,-281 -39,4
2-957,-385 55,15
4-878,-363 -30,101
2-660,-299 29,9 138,41 105,32
4-182,-30 30,-27 4,-14
397,-291 -5,20
2-1716,1095 -52,35 -346,237
2-1313,-406 153,-19
2-1183,-320 39,-85
2-1527,-563 -87,25
2-537,-472 104,15 65,27
2-2247,-631 94,60 45,20
2-2431,916 109,3
2-2047,910 -18,17 -12,2
3-2047,910 -26,36 -12,8
2-1706,1089 -38,-29
2-1513,212 81,-107 137,-173
2-1537,243 17,-22
4-2677,736 7,2 35,31
4-2574,536 7,-5 21,-3 62,-84 13,-17
3300,-702 30,6 12,4 7,2
4428,-651 18,15 17,11 7,3 7,2 30,14 6,4 17,19 7,16 3,19 -3,19 -12,25 -51,73
4365,-593 12,-7 15,-9
4501,-505 -58,77 -28,28 -23,22 -6,3
4279,-382 71,11
3381,-615 9,-11
3292,-489 28,-48 12,-20 1,-2 26,-29
3244,-359 5,-8 11,-16
3215,-281 -5,26
3215,-281 7,-26 2,-8 4,-12 2,-7 4,-12 2,-5 5,-8
4247,-233 2,-12 4,-17
4265,-327 3,-18 3,-17
4268,-345 19,3 40,9
3210,-255 -9,-4 -8,-3 -17,-5 -6,-1 -40,-13 -13,-4 -3,-1 -6,-1 -11,-4 -7,-2
4249,-367 -18,-10 -24,-6 -29,-8 -7,-2 -16,-5 -8,-3 -7,-2 -9,-3 -11,-3 -23,-7
4123,-408 8,-27 5,-3 20,1 22,2 12,-1 19,-5
4199,-413 -7,26
4132,-405 -4,14 -10,34 -12,46 -4,16
382,-295 -33,-10 -14,-5 -9,-3 -7,-2
3-15,-325 7,2
3-112,-355 27,6 22,10
392,-271 -1,2 -1,3 -7,22 -4,14 -10,33 -2,6
4472,-424 -31,43 -52,50 -5,5 -15,21 -8,26 -8,32 -6,25 -6,17 -22,30 -9,7
4194,-144 -45,-26 -23,-6
3-49,-163 -2,3 -1,2 -3,5 -7,15 -15,18 -20,19 -23,14 -14,7 -10,0 -32,2 -5,2
3-273,-17 -36,-6 -20,-7
4-1432,105 -88,-68
4-2351,1373 3,-99 -3,-18
2-2268,-634 -44,-22 -158,-94
2-2460,-825 6,17 -6,36 2,15
2-2113,-539 -140,-87
2-1967,7 -37,49
4-1942,-113 -20,-18
4-1841,-36 -61,-46
4-1009,-235 2,-7 17,4 11,-37 -2,-21 -7,-9 -52,-17
4-675,0 3,25 -7,29
4-752,-84 60,19
2-343,-415 -94,-28
4-463,-357 26,-86
4-2791,489 77,60
3-2592,1093 -30,67
2-2516,915 51,1
2-2643,890 -17,22
2-1903,-260 52,7
2-1564,279 27,-36
2-2720,1386 -57,4
4-2727,-805 16,-76
4-2573,-782 -7,41
4-656,-415 -98,-29
2-199,-456 -9,31
2-878,-363 76,22 20,6 16,5 80,23 26,8
2-388,-217 28,8 38,12
4-388,-217 -7,22
2-277,-200 -5,15
4-417,-122 -18,60
4-812,-175 -17,-5
2-902,-370 24,7
2-1027,-374 35,-13 35,2
2-1166,-291 56,-42
2-1273,-277 -18,2 -8,1 -6,1
2-1466,-255 -19,2
2-1509,-251 -42,5
3-2279,-180 31,-38
4-908,-262 -14,47
4261,-387 14,4 4,1
4-1233,-26 -15,3 -11,13
4-576,22 -40,136
4-897,-76 34,10 97,30 94,27 96,31
2-2280,-305 -80,-19
